((("append" .
   [0 0 0 1 0 0])
  ("loc_exists" .
   [0 0 0 0 0 1 1 0 0 0])
  ("tana_reconst" .
   [0 0 0 0 0 0 0 0 0 0 0 1])
  ("i" .
   [2])
  ("loc_reconst" .
   [0 0 0 0 1 0 0 0 0 1 0])
  ("loc" .
   [3 0 0])
  ("dan" .
   [1 0 0])
  ("set" .
   [1 0 0])
  ("args" .
   [1 0 0 0])
  ("save" .
   [1 0 0 0])
  ("ipdb" .
   [3 0 0 0])
  ("astype" .
   [2 0 0 0 0 0])
  ("m" .
   [1])
  ("mean" .
   [2 0 0 0])
  ("query_img" .
   [1 0 0 0 0 0 0 0 0])
  ("warpPerspective" .
   [0 0 0 0 0 0 0 1 0 0 0 0 0 0 0])
  ("uint8" .
   [1 0 0 0 0])
  ("dtype" .
   [1 0 0 0 0])
  ("_" .
   [1])
  ("result_w" .
   [3 0 0 0 0 0 0 0])
  ("result_h" .
   [3 0 0 0 0 0 0 0])
  ("target_h" .
   [1 0 0 0 0 0 0 0])
  ("target_img" .
   [2 0 0 0 0 0 0 0 0 0])
  ("target" .
   [2 0 0 0 0 0])
  ("empty" .
   [1 0 0 0 0])
  ("warp_x" .
   [2 0 0 0 0 0])
  ("warp_dist" .
   [3 0 0 0 0 0 0 0 0])
  ("H" .
   [2])
  ("perspectiveTransform" .
   [0 0 0 0 1 0 0 0 0 0 0 0 0 0 0 0 0 0 0 0])
  ("dst" .
   [7 0 0])
  ("reshape" .
   [3 0 0 0 0 0 0])
  ("float32" .
   [1 0 0 0 0 0 0])
  ("pts" .
   [3 0 0])
  ("shape" .
   [1 0 0 0 0])
  ("qry_img" .
   [0 0 0 0 0 0 1])
  ("h" .
   [4])
  ("qry" .
   [1 0 0])
  ("o" .
   [1])
  ("np" .
   [8 0])
  ("split" .
   [1 0 0 0 0])
  ("imwrite" .
   [0 0 0 0 0 0 1])
  ("w" .
   [7])
  ("out" .
   [2 0 0])
  ("img" .
   [2 0 0])
  ("img_path" .
   [0 0 0 0 0 0 1 0])
  ("format" .
   [2 0 0 0 0 1])
  ("files" .
   [2 0 0 0 0])
  ("item" .
   [7 0 0 0])
  ("retval" .
   [1 0 0 0 0 0])
  ("imshow" .
   [1 0 0 0 0 0])
  ("plt" .
   [1 0 0])
  ("right" .
   [1 0 0 0 0])
  ("left" .
   [1 0 0 0])
  ("stitcher" .
   [0 0 0 1 0 0 0 1])
  ("result" .
   [7 0 0 0 0 0])
  ("imread" .
   [2 0 0 0 1 0])
  ("createStitcher" .
   [0 0 0 0 0 0 0 0 0 0 0 0 0 1])
  ("cv2" .
   [8 0 0])
  ("ceil" .
   [2 0 0 0])))
